111111111111111111111111111111111111111111111111111111111111111111111111111
111111111111111111111111111111111111111111111111111111111111111111111111111
111111111111111111111111111111111111111111111111111111111111111111111111111
111111111111111111111111111111111111111111111111111111111111111111111111111
111111111111111111111111111111111111111111111111111111111111111111111111111
111111111111111111111111111111111111111111111111111111111111111111111111111
111111111111111111111111111111111111111111111111111111111111111111111111111
111111111111111111111111111111110001111001111111111111111111111111111111111
111111111111111111111100011111100001110001111111111111111111111111111111111
111111111111111111111100011111100011100001111111111111111111111111111111111
111111111111111111111100011111000111000111100011111111111111111111111111111
111111111111111111111100011100001110000110000111111111111111111111111111111
111111111111111111111100011100011000011100001111111111111111111111111111111
111111111111111111111000011000010000110000011111111111111111111111111111111
111111111111111111111000000000000000000001111111111111111111111111111111111
111111111111111111110000000000000000000111111111111111111111111111111111111
111111111111111111110000000000000000001111111111111111111111111111111111111
111111111111111111100000000000000000011110000111111111111111111111111111111
111111111111111111000000000000000000011000001111111111111111111111111111111
111111111111111111000000000000000000000000011111111111111111111111111111111
111111111111111111000000000000000000000111111111111111111111111111111111111
111111111111111111000000000000000000011111111111111111111111111111111111111
111111111111111111000000000000000011111111111111111111111111111111111111111
111111111111111111111110000000011111111111111111111111111111111111111111111
111111111111111111111111111111111111111111111111111111111111111111111111111
111111111111111111111111111111111111111111111111111111111111111111111111111
111111111111111111111111111111111111111111111111111111111111111111111111111
111111111111111111111111111111111111111111111111111111111111111111111111111
