https://learn.canva.com/learn/website-color-schemes/
,,,,,1,,,198,56,66,,,12,88,97,,,40,78,95,,,264,3,88
,0,,,4,,,bg24,84,88,,,,cs187,94,60,,ce183,46,74,,bg24,47,92
,1,,,5,,,bg255,49,8,,,,cs282,71,78,,ce252,89,95,,nu11,4,89
,,,,,6,,,323,11,58,,,220,25,57,,209,11,62,,0,0,82
,,,,,14,,306,34,57,,,297,46,28,,27,16,94,,,24,6,96
,2,,,21,,cs214,24,55,,,bg26,80,95,,,bg44,79,95,,,ce34,22,85
,3,,,22,,cs221,59,14,,,ce36,28,66,,,bg6,75,99,,,,nu0,0,95
,,,,,24,,306,50,42,,,83,88,81,,,312,87,10,,0,0,32
,,,,,26,,7,51,70,,,,,138,17,85,,299,2,90,,,111,7,69
,,,,,36,,39,60,79,,,,51,6,90,,,,72,34,41,,,79,37,24
,,,,,38,,230,31,41,,,330,11,59,,343,37,59,,216,48,19
,,,,,39,,170,60,73 216 45 59,,,185,27,82,,330,43,92,,201,6,45
,,,,,40,,0,0,25,,,,,,116,8,86,,,323,59,99,,186,94,43
,,,,,
https://www.canva.com/learn/100-color-combinations/
,,,,,1,,,13,58,96,,,,12,93,99,,,149,31,73,,97,58,84
,4,,,2,,,cs204,26,76,,,ce199,61,52,,bg186,15,19,,bg11,67,45
,,,,,7,,,183,92,11,,,180,99,26,,175,62,46,,145,39,71
,,,,,10,,196,37,31,,,81,61,66,,,166,49,39,,176,23,63
,,,,,12,,41,53,94,,,,28,83,86,,,174,77,57,,144,39,68
,,,,,23,,182,62,54,,,81,72,66,,,53,64,95,,,25,87,78
,,,,,25,,198,99,23,,,185,71,42,,63,15,94,,,10,99,95
,5,,,26,,cs195,13,43,,,ce59,6,79,,,,bg32,32,85,,,bg25,42,69
,,,,,32,,102,21,73,,,57,28,87,,,212,26,77,,1,64,92
,,,,,34,,13,78,67,,,,14,71,39,,,44,24,91,,,37,46,78
,,,,,47,,56,99,91,,,,58,82,48,,,33,62,33,,,35,63,69
,6,,,51,,bg200,77,72,,,bg214,56,42,,cs32,8,94 32,8,94,,,,ce12,51,92 12,51,92
,,,,,54,,40,79,96,,,,200,50,52,,37,7,96,,,,179,4,19
,,,,,63,,218,23,67,,,4,14,34,,,,16,25,48,,,18,38,85
,7,,,67,,bg186,71,51,,,bg178,43,65,,ce0,0,99 290,100,99,,,,,cs358,72,99 186,71,51
,,,,,69,,179,37,31,,,197,5,87,,,5,61,66,,,,209,11,19
,8,,,70,,ce14,26,99 187,42,80,,,,cs187,42,74 0, 0, 0,,bg190,99,51,,nu139,2,90
,9,,82,,bg221,23,16,,,ce179,9,73 225,39,87,,,59,2,94,,,,cs354,81,62 250,81,73
,10,,94,,bg215,72,21,,,ce17,20,45,,,cs3,69,95,,,,bg193,69,34
,11,,100,ce190,52,59 190,52,85,,,cs39,59,85 39,59,59,,,bg194,19,31,,,,,0,0,69